AlexNet-19-112
mutate info: api name mutate|new op is: Reciprocal

output_diff: 0.0

conv1_mutated.weight: 梯度数据不一致, 差值:96.0
grad_cpu[conv1_mutated.weight]: [[[[-2.74924800e+08 -1.03539800e+08 -1.12722944e+08 ... -2.26224448e+08
    -2.36837088e+08 -3.32554688e+08]
   [-1.85212464e+08 -4.46653080e+07 -8.99575440e+07 ... -1.13589152e+08
    -1.06005888e+08 -2.55508400e+08]
   [-1.20182528e+08 -8.30629520e+07 -1.45535984e+08 ... -1.77442224e+08
    -1.50795328e+08 -3.06085824e+08]
   ...
   [-2.51464080e+07  5.61380680e+07 -9.66186000e+05 ...  8.94064480e+07
     4.52996400e+07 -1.05980192e+08]
   [ 2.19767120e+07  5.35574080e+07  6.34222560e+07 ...  6.56549080e+07
     5.30868560e+07 -8.86286800e+07]
   [ 5.67814520e+07  1.67946608e+08  1.08530232e+08 ...  9.85169800e+06
    -3.40314800e+06 -1.43853744e+08]]

  [[-2.53737312e+08 -1.57560384e+08 -1.48117744e+08 ... -1.77415536e+08
    -1.78361536e+08 -2.76038368e+08]
   [-1.41741760e+08 -8.08792720e+07 -9.61084320e+07 ... -5.51441320e+07
    -4.44733600e+07 -1.98110000e+08]
   [-6.13257320e+07 -9.26642320e+07 -1.35630112e+08 ... -7.62900960e+07
    -6.43676960e+07 -2.22457344e+08]
   ...
   [-1.15036390e+07 -3.11277200e+06 -4.51042080e+07 ...  1.31382408e+08
     7.85230400e+07 -7.91346800e+07]
   [ 1.99475700e+06 -2.73364520e+07 -4.26377000e+06 ...  8.52271920e+07
     7.11121680e+07 -7.82119840e+07]
   [ 2.61362340e+07  6.70815960e+07  1.88761900e+07 ...  1.13562300e+07
     2.14348000e+06 -1.63371440e+08]]

  [[-2.50453600e+08 -1.72306352e+08 -1.57621248e+08 ... -1.77385552e+08
    -1.64533088e+08 -2.75205408e+08]
   [-1.36348144e+08 -8.91044400e+07 -1.06702264e+08 ... -4.43968400e+07
    -3.19970120e+07 -1.83498976e+08]
   [-6.02559600e+07 -1.05097464e+08 -1.41950912e+08 ... -6.47689760e+07
    -4.05249360e+07 -1.94220608e+08]
   ...
   [-1.79268712e+06 -1.47878560e+07 -5.11518000e+07 ...  1.42568080e+08
     8.66419440e+07 -7.51412560e+07]
   [-8.56549812e+05 -3.86644840e+07 -1.91707820e+07 ...  9.50500240e+07
     7.33058080e+07 -7.67883440e+07]
   [ 2.59246780e+07  4.59213880e+07  1.40643930e+07 ...  2.32366740e+07
     2.94974975e+06 -1.58107360e+08]]]


 [[[-2.33809632e+08 -2.10996528e+08 -2.17259888e+08 ... -2.16095808e+08
    -2.12950128e+08 -2.13153072e+08]
   [-2.31683760e+08 -2.21284912e+08 -2.18759824e+08 ... -1.84518960e+08
    -1.82945872e+08 -1.96435600e+08]
   [-2.00613072e+08 -2.02827056e+08 -2.08852992e+08 ... -1.82182816e+08
    -1.93238288e+08 -2.16739120e+08]
   ...
   [-1.71874720e+08 -1.64664736e+08 -1.73314656e+08 ... -1.92137216e+08
    -2.02621344e+08 -2.12490704e+08]
   [-1.82418416e+08 -1.85192448e+08 -1.90945824e+08 ... -1.87681312e+08
    -1.99470672e+08 -2.09609920e+08]
   [-1.89548576e+08 -1.82244384e+08 -1.97176336e+08 ... -2.13859968e+08
    -2.27207424e+08 -2.37209792e+08]]

  [[-2.07789568e+08 -1.78689520e+08 -1.77870896e+08 ... -1.78358816e+08
    -1.74937536e+08 -1.75872576e+08]
   [-2.06357440e+08 -1.93111760e+08 -1.83415760e+08 ... -1.46248416e+08
    -1.49364608e+08 -1.66925264e+08]
   [-1.70738288e+08 -1.70465008e+08 -1.70470544e+08 ... -1.47170032e+08
    -1.53784144e+08 -1.80771808e+08]
   ...
   [-1.35439696e+08 -1.27579112e+08 -1.30585272e+08 ... -1.48383168e+08
    -1.58518784e+08 -1.68439776e+08]
   [-1.43064672e+08 -1.44895776e+08 -1.43629744e+08 ... -1.38031216e+08
    -1.50196256e+08 -1.60683728e+08]
   [-1.50782272e+08 -1.42565152e+08 -1.50646832e+08 ... -1.58786176e+08
    -1.71975008e+08 -1.81081216e+08]]

  [[-2.04882832e+08 -1.75356832e+08 -1.73997168e+08 ... -1.70378592e+08
    -1.70205488e+08 -1.70674816e+08]
   [-2.03551984e+08 -1.91144784e+08 -1.79509472e+08 ... -1.39914608e+08
    -1.43071120e+08 -1.61431760e+08]
   [-1.68339072e+08 -1.68732544e+08 -1.66326896e+08 ... -1.41217360e+08
    -1.48653472e+08 -1.77626080e+08]
   ...
   [-1.28242448e+08 -1.21469208e+08 -1.22390440e+08 ... -1.40060576e+08
    -1.50182240e+08 -1.60587744e+08]
   [-1.35154592e+08 -1.37037504e+08 -1.34652752e+08 ... -1.27674168e+08
    -1.40673776e+08 -1.51499456e+08]
   [-1.43603088e+08 -1.35668192e+08 -1.42456032e+08 ... -1.48811616e+08
    -1.61118416e+08 -1.70717680e+08]]]


 [[[ 0.00000000e+00  0.00000000e+00  0.00000000e+00 ...  0.00000000e+00
     0.00000000e+00  0.00000000e+00]
   [ 0.00000000e+00  0.00000000e+00  0.00000000e+00 ...  0.00000000e+00
     0.00000000e+00  0.00000000e+00]
   [ 0.00000000e+00  0.00000000e+00  0.00000000e+00 ...  0.00000000e+00
     0.00000000e+00  0.00000000e+00]
   ...
   [ 0.00000000e+00  0.00000000e+00  0.00000000e+00 ...  0.00000000e+00
     0.00000000e+00  0.00000000e+00]
   [ 0.00000000e+00  0.00000000e+00  0.00000000e+00 ...  0.00000000e+00
     0.00000000e+00  0.00000000e+00]
   [ 0.00000000e+00  0.00000000e+00  0.00000000e+00 ...  0.00000000e+00
     0.00000000e+00  0.00000000e+00]]

  [[ 0.00000000e+00  0.00000000e+00  0.00000000e+00 ...  0.00000000e+00
     0.00000000e+00  0.00000000e+00]
   [ 0.00000000e+00  0.00000000e+00  0.00000000e+00 ...  0.00000000e+00
     0.00000000e+00  0.00000000e+00]
   [ 0.00000000e+00  0.00000000e+00  0.00000000e+00 ...  0.00000000e+00
     0.00000000e+00  0.00000000e+00]
   ...
   [ 0.00000000e+00  0.00000000e+00  0.00000000e+00 ...  0.00000000e+00
     0.00000000e+00  0.00000000e+00]
   [ 0.00000000e+00  0.00000000e+00  0.00000000e+00 ...  0.00000000e+00
     0.00000000e+00  0.00000000e+00]
   [ 0.00000000e+00  0.00000000e+00  0.00000000e+00 ...  0.00000000e+00
     0.00000000e+00  0.00000000e+00]]

  [[ 0.00000000e+00  0.00000000e+00  0.00000000e+00 ...  0.00000000e+00
     0.00000000e+00  0.00000000e+00]
   [ 0.00000000e+00  0.00000000e+00  0.00000000e+00 ...  0.00000000e+00
     0.00000000e+00  0.00000000e+00]
   [ 0.00000000e+00  0.00000000e+00  0.00000000e+00 ...  0.00000000e+00
     0.00000000e+00  0.00000000e+00]
   ...
   [ 0.00000000e+00  0.00000000e+00  0.00000000e+00 ...  0.00000000e+00
     0.00000000e+00  0.00000000e+00]
   [ 0.00000000e+00  0.00000000e+00  0.00000000e+00 ...  0.00000000e+00
     0.00000000e+00  0.00000000e+00]
   [ 0.00000000e+00  0.00000000e+00  0.00000000e+00 ...  0.00000000e+00
     0.00000000e+00  0.00000000e+00]]]


 [[[ 0.00000000e+00  0.00000000e+00  0.00000000e+00 ...  0.00000000e+00
     0.00000000e+00  0.00000000e+00]
   [ 0.00000000e+00  0.00000000e+00  0.00000000e+00 ...  0.00000000e+00
     0.00000000e+00  0.00000000e+00]
   [ 0.00000000e+00  0.00000000e+00  0.00000000e+00 ...  0.00000000e+00
     0.00000000e+00  0.00000000e+00]
   ...
   [ 0.00000000e+00  0.00000000e+00  0.00000000e+00 ...  0.00000000e+00
     0.00000000e+00  0.00000000e+00]
   [ 0.00000000e+00  0.00000000e+00  0.00000000e+00 ...  0.00000000e+00
     0.00000000e+00  0.00000000e+00]
   [ 0.00000000e+00  0.00000000e+00  0.00000000e+00 ...  0.00000000e+00
     0.00000000e+00  0.00000000e+00]]

  [[ 0.00000000e+00  0.00000000e+00  0.00000000e+00 ...  0.00000000e+00
     0.00000000e+00  0.00000000e+00]
   [ 0.00000000e+00  0.00000000e+00  0.00000000e+00 ...  0.00000000e+00
     0.00000000e+00  0.00000000e+00]
   [ 0.00000000e+00  0.00000000e+00  0.00000000e+00 ...  0.00000000e+00
     0.00000000e+00  0.00000000e+00]
   ...
   [ 0.00000000e+00  0.00000000e+00  0.00000000e+00 ...  0.00000000e+00
     0.00000000e+00  0.00000000e+00]
   [ 0.00000000e+00  0.00000000e+00  0.00000000e+00 ...  0.00000000e+00
     0.00000000e+00  0.00000000e+00]
   [ 0.00000000e+00  0.00000000e+00  0.00000000e+00 ...  0.00000000e+00
     0.00000000e+00  0.00000000e+00]]

  [[ 0.00000000e+00  0.00000000e+00  0.00000000e+00 ...  0.00000000e+00
     0.00000000e+00  0.00000000e+00]
   [ 0.00000000e+00  0.00000000e+00  0.00000000e+00 ...  0.00000000e+00
     0.00000000e+00  0.00000000e+00]
   [ 0.00000000e+00  0.00000000e+00  0.00000000e+00 ...  0.00000000e+00
     0.00000000e+00  0.00000000e+00]
   ...
   [ 0.00000000e+00  0.00000000e+00  0.00000000e+00 ...  0.00000000e+00
     0.00000000e+00  0.00000000e+00]
   [ 0.00000000e+00  0.00000000e+00  0.00000000e+00 ...  0.00000000e+00
     0.00000000e+00  0.00000000e+00]
   [ 0.00000000e+00  0.00000000e+00  0.00000000e+00 ...  0.00000000e+00
     0.00000000e+00  0.00000000e+00]]]]
grad_gpu[conv1_mutated.weight]: [[[[-2.74924832e+08 -1.03539752e+08 -1.12722952e+08 ... -2.26224496e+08
    -2.36837056e+08 -3.32554624e+08]
   [-1.85212480e+08 -4.46653160e+07 -8.99575120e+07 ... -1.13589128e+08
    -1.06005880e+08 -2.55508400e+08]
   [-1.20182552e+08 -8.30629760e+07 -1.45535984e+08 ... -1.77442224e+08
    -1.50795280e+08 -3.06085824e+08]
   ...
   [-2.51464200e+07  5.61381000e+07 -9.66178000e+05 ...  8.94064400e+07
     4.52996440e+07 -1.05980216e+08]
   [ 2.19767140e+07  5.35573680e+07  6.34222080e+07 ...  6.56548800e+07
     5.30868560e+07 -8.86286560e+07]
   [ 5.67814560e+07  1.67946624e+08  1.08530160e+08 ...  9.85170400e+06
    -3.40314800e+06 -1.43853696e+08]]

  [[-2.53737328e+08 -1.57560400e+08 -1.48117760e+08 ... -1.77415536e+08
    -1.78361520e+08 -2.76038432e+08]
   [-1.41741776e+08 -8.08792880e+07 -9.61083680e+07 ... -5.51441280e+07
    -4.44733280e+07 -1.98109984e+08]
   [-6.13257160e+07 -9.26642160e+07 -1.35630144e+08 ... -7.62900720e+07
    -6.43676960e+07 -2.22457360e+08]
   ...
   [-1.15036220e+07 -3.11276000e+06 -4.51041960e+07 ...  1.31382392e+08
     7.85230480e+07 -7.91346800e+07]
   [ 1.99475500e+06 -2.73364780e+07 -4.26379600e+06 ...  8.52272240e+07
     7.11121920e+07 -7.82119760e+07]
   [ 2.61362700e+07  6.70815560e+07  1.88762020e+07 ...  1.13562060e+07
     2.14344800e+06 -1.63371408e+08]]

  [[-2.50453616e+08 -1.72306368e+08 -1.57621232e+08 ... -1.77385568e+08
    -1.64533088e+08 -2.75205504e+08]
   [-1.36348160e+08 -8.91044320e+07 -1.06702240e+08 ... -4.43968200e+07
    -3.19969920e+07 -1.83498976e+08]
   [-6.02559840e+07 -1.05097488e+08 -1.41950864e+08 ... -6.47689680e+07
    -4.05249080e+07 -1.94220576e+08]
   ...
   [-1.79268600e+06 -1.47878470e+07 -5.11517840e+07 ...  1.42568080e+08
     8.66419600e+07 -7.51412480e+07]
   [-8.56548000e+05 -3.86645040e+07 -1.91708200e+07 ...  9.50500240e+07
     7.33057200e+07 -7.67883360e+07]
   [ 2.59246760e+07  4.59214200e+07  1.40644340e+07 ...  2.32367160e+07
     2.94974400e+06 -1.58107312e+08]]]


 [[[-2.33809632e+08 -2.10996528e+08 -2.17259888e+08 ... -2.16095808e+08
    -2.12950144e+08 -2.13153088e+08]
   [-2.31683760e+08 -2.21284912e+08 -2.18759840e+08 ... -1.84518976e+08
    -1.82945872e+08 -1.96435600e+08]
   [-2.00613088e+08 -2.02827040e+08 -2.08852992e+08 ... -1.82182800e+08
    -1.93238304e+08 -2.16739120e+08]
   ...
   [-1.71874736e+08 -1.64664736e+08 -1.73314656e+08 ... -1.92137232e+08
    -2.02621344e+08 -2.12490704e+08]
   [-1.82418416e+08 -1.85192432e+08 -1.90945824e+08 ... -1.87681328e+08
    -1.99470688e+08 -2.09609888e+08]
   [-1.89548544e+08 -1.82244384e+08 -1.97176368e+08 ... -2.13859984e+08
    -2.27207408e+08 -2.37209808e+08]]

  [[-2.07789584e+08 -1.78689520e+08 -1.77870864e+08 ... -1.78358832e+08
    -1.74937536e+08 -1.75872592e+08]
   [-2.06357440e+08 -1.93111760e+08 -1.83415760e+08 ... -1.46248448e+08
    -1.49364608e+08 -1.66925264e+08]
   [-1.70738288e+08 -1.70465008e+08 -1.70470512e+08 ... -1.47170048e+08
    -1.53784128e+08 -1.80771824e+08]
   ...
   [-1.35439712e+08 -1.27579096e+08 -1.30585272e+08 ... -1.48383152e+08
    -1.58518784e+08 -1.68439792e+08]
   [-1.43064672e+08 -1.44895792e+08 -1.43629760e+08 ... -1.38031232e+08
    -1.50196256e+08 -1.60683712e+08]
   [-1.50782240e+08 -1.42565136e+08 -1.50646848e+08 ... -1.58786192e+08
    -1.71975008e+08 -1.81081216e+08]]

  [[-2.04882832e+08 -1.75356832e+08 -1.73997168e+08 ... -1.70378624e+08
    -1.70205472e+08 -1.70674816e+08]
   [-2.03551952e+08 -1.91144768e+08 -1.79509504e+08 ... -1.39914592e+08
    -1.43071104e+08 -1.61431776e+08]
   [-1.68339072e+08 -1.68732528e+08 -1.66326896e+08 ... -1.41217360e+08
    -1.48653440e+08 -1.77626080e+08]
   ...
   [-1.28242440e+08 -1.21469176e+08 -1.22390464e+08 ... -1.40060544e+08
    -1.50182240e+08 -1.60587760e+08]
   [-1.35154592e+08 -1.37037520e+08 -1.34652768e+08 ... -1.27674192e+08
    -1.40673776e+08 -1.51499472e+08]
   [-1.43603056e+08 -1.35668208e+08 -1.42456048e+08 ... -1.48811616e+08
    -1.61118416e+08 -1.70717696e+08]]]


 [[[ 0.00000000e+00  0.00000000e+00  0.00000000e+00 ...  0.00000000e+00
     0.00000000e+00  0.00000000e+00]
   [ 0.00000000e+00  0.00000000e+00  0.00000000e+00 ...  0.00000000e+00
     0.00000000e+00  0.00000000e+00]
   [ 0.00000000e+00  0.00000000e+00  0.00000000e+00 ...  0.00000000e+00
     0.00000000e+00  0.00000000e+00]
   ...
   [ 0.00000000e+00  0.00000000e+00  0.00000000e+00 ...  0.00000000e+00
     0.00000000e+00  0.00000000e+00]
   [ 0.00000000e+00  0.00000000e+00  0.00000000e+00 ...  0.00000000e+00
     0.00000000e+00  0.00000000e+00]
   [ 0.00000000e+00  0.00000000e+00  0.00000000e+00 ...  0.00000000e+00
     0.00000000e+00  0.00000000e+00]]

  [[ 0.00000000e+00  0.00000000e+00  0.00000000e+00 ...  0.00000000e+00
     0.00000000e+00  0.00000000e+00]
   [ 0.00000000e+00  0.00000000e+00  0.00000000e+00 ...  0.00000000e+00
     0.00000000e+00  0.00000000e+00]
   [ 0.00000000e+00  0.00000000e+00  0.00000000e+00 ...  0.00000000e+00
     0.00000000e+00  0.00000000e+00]
   ...
   [ 0.00000000e+00  0.00000000e+00  0.00000000e+00 ...  0.00000000e+00
     0.00000000e+00  0.00000000e+00]
   [ 0.00000000e+00  0.00000000e+00  0.00000000e+00 ...  0.00000000e+00
     0.00000000e+00  0.00000000e+00]
   [ 0.00000000e+00  0.00000000e+00  0.00000000e+00 ...  0.00000000e+00
     0.00000000e+00  0.00000000e+00]]

  [[ 0.00000000e+00  0.00000000e+00  0.00000000e+00 ...  0.00000000e+00
     0.00000000e+00  0.00000000e+00]
   [ 0.00000000e+00  0.00000000e+00  0.00000000e+00 ...  0.00000000e+00
     0.00000000e+00  0.00000000e+00]
   [ 0.00000000e+00  0.00000000e+00  0.00000000e+00 ...  0.00000000e+00
     0.00000000e+00  0.00000000e+00]
   ...
   [ 0.00000000e+00  0.00000000e+00  0.00000000e+00 ...  0.00000000e+00
     0.00000000e+00  0.00000000e+00]
   [ 0.00000000e+00  0.00000000e+00  0.00000000e+00 ...  0.00000000e+00
     0.00000000e+00  0.00000000e+00]
   [ 0.00000000e+00  0.00000000e+00  0.00000000e+00 ...  0.00000000e+00
     0.00000000e+00  0.00000000e+00]]]


 [[[ 0.00000000e+00  0.00000000e+00  0.00000000e+00 ...  0.00000000e+00
     0.00000000e+00  0.00000000e+00]
   [ 0.00000000e+00  0.00000000e+00  0.00000000e+00 ...  0.00000000e+00
     0.00000000e+00  0.00000000e+00]
   [ 0.00000000e+00  0.00000000e+00  0.00000000e+00 ...  0.00000000e+00
     0.00000000e+00  0.00000000e+00]
   ...
   [ 0.00000000e+00  0.00000000e+00  0.00000000e+00 ...  0.00000000e+00
     0.00000000e+00  0.00000000e+00]
   [ 0.00000000e+00  0.00000000e+00  0.00000000e+00 ...  0.00000000e+00
     0.00000000e+00  0.00000000e+00]
   [ 0.00000000e+00  0.00000000e+00  0.00000000e+00 ...  0.00000000e+00
     0.00000000e+00  0.00000000e+00]]

  [[ 0.00000000e+00  0.00000000e+00  0.00000000e+00 ...  0.00000000e+00
     0.00000000e+00  0.00000000e+00]
   [ 0.00000000e+00  0.00000000e+00  0.00000000e+00 ...  0.00000000e+00
     0.00000000e+00  0.00000000e+00]
   [ 0.00000000e+00  0.00000000e+00  0.00000000e+00 ...  0.00000000e+00
     0.00000000e+00  0.00000000e+00]
   ...
   [ 0.00000000e+00  0.00000000e+00  0.00000000e+00 ...  0.00000000e+00
     0.00000000e+00  0.00000000e+00]
   [ 0.00000000e+00  0.00000000e+00  0.00000000e+00 ...  0.00000000e+00
     0.00000000e+00  0.00000000e+00]
   [ 0.00000000e+00  0.00000000e+00  0.00000000e+00 ...  0.00000000e+00
     0.00000000e+00  0.00000000e+00]]

  [[ 0.00000000e+00  0.00000000e+00  0.00000000e+00 ...  0.00000000e+00
     0.00000000e+00  0.00000000e+00]
   [ 0.00000000e+00  0.00000000e+00  0.00000000e+00 ...  0.00000000e+00
     0.00000000e+00  0.00000000e+00]
   [ 0.00000000e+00  0.00000000e+00  0.00000000e+00 ...  0.00000000e+00
     0.00000000e+00  0.00000000e+00]
   ...
   [ 0.00000000e+00  0.00000000e+00  0.00000000e+00 ...  0.00000000e+00
     0.00000000e+00  0.00000000e+00]
   [ 0.00000000e+00  0.00000000e+00  0.00000000e+00 ...  0.00000000e+00
     0.00000000e+00  0.00000000e+00]
   [ 0.00000000e+00  0.00000000e+00  0.00000000e+00 ...  0.00000000e+00
     0.00000000e+00  0.00000000e+00]]]]
conv2_mutated.bias: 梯度数据不一致, 差值:64.0
grad_cpu[conv2_mutated.bias]: [ 6.9860960e+07 -1.4228467e+08 -1.6540442e+08 -4.1733940e+07
  2.3327376e+08 -4.7777101e+08]
grad_gpu[conv2_mutated.bias]: [ 6.9860960e+07 -1.4228464e+08 -1.6540442e+08 -4.1733944e+07
  2.3327379e+08 -4.7777107e+08]
